BSPLINE #
20 #
8 #
# -------------------------------
5.0 1.0
5.0 1.0
-5.0 2.0
-5.0 2.0
-5.0 -2.0
-5.0 -2.0
5.0 -1.0
5.0 -1.0
0.01
-1 0 0 1
-100 -0 0
# -------------------------------
5.0 1.0
5.0 1.0
-5.0 2.0
-5.0 2.0
-5.0 -2.0
-5.0 -2.0
5.0 -1.0
5.0 -1.0
0.1
-0.5 0 0 1
-20 -70 0
# -------------------------------
5.0 1.0
5.0 1.0
-5.0 2.0
-5.0 2.0
-5.0 -2.0
-5.0 -2.0
5.0 -1.0
5.0 -1.0
0.01
-0.5 0 0 1
-20 -70 0
# -------------------------------
5.0 1.0
5.0 1.0
-5.0 2.0
-5.0 2.0
-5.0 -2.0
-5.0 -2.0
5.0 -1.0
5.0 -1.0
0.1
-0.5 0 0 1
-20 -70 0
# -------------------------------
5.0 1.0
5.0 1.0
-5.0 2.0
-5.0 2.0
-5.0 -2.0
-5.0 -2.0
5.0 -1.0
5.0 -1.0
0.5
-0.5 0 0 1
0 -50 0
# -------------------------------
5.0 1.0
5.0 1.0
-5.0 2.0
-5.0 2.0
-5.0 -2.0
-5.0 -2.0
5.0 -1.0
5.0 -1.0
1.0
-0.5 0 0 1
8 -25 0
# -------------------------------
5.0 1.0
5.0 1.0
-7.0 2.0
-7.0 2.0
-7.0 -2.0
-7.0 -2.0
5.0 -1.0
5.0 -1.0
1.2
0 0 0 1
11 -15 0
# ------------------------------
5.0 0.5
5.0 0.5
-5.0 0.5
-5.0 0.5
-5.0 -0.5
-5.0 -0.5
5.0 -0.5
5.0 -0.5
1.0
0 0 0 1
10 -5 0
# -------------------------------
5.0 0.5
5.0 0.5
-5.0 0.5
-5.0 0.5
-5.0 -0.5
-5.0 -0.5
5.0 -0.5
5.0 -0.5
1
0 0 0 1
10 5 0
# -------------------------------
5.0 1.0
5.0 1.0
-7.0 2.0
-7.0 2.0
-7.0 -2.0
-7.0 -2.0
5.0 -1.0
5.0 -1.0
1.2
0 0 0 1
11 15 0
# -------------------------------
5.0 1.0
5.0 1.0
-5.0 2.0
-5.0 2.0
-5.0 -2.0
-5.0 -2.0
5.0 -1.0
5.0 -1.0
1.0
0.5 0 0 1
8 25 0
# -------------------------------
5.0 1.0
5.0 1.0
-5.0 2.0
-5.0 2.0
-5.0 -2.0
-5.0 -2.0
5.0 -1.0
5.0 -1.0
0.5
0.5 0 0 1
0 50 0
# -------------------------------
5.0 1.0
5.0 1.0
-5.0 2.0
-5.0 2.0
-5.0 -2.0
-5.0 -2.0
5.0 -1.0
5.0 -1.0
0.1
0.5 0 0 1
-20 70 0
# -------------------------------
5.0 1.0
5.0 1.0
-5.0 2.0
-5.0 2.0
-5.0 -2.0
-5.0 -2.0
5.0 -1.0
5.0 -1.0
0.1
1.0 0 0 1
-21 69 0
# -------------------------------
5.0 1.0
5.0 1.0
-5.0 2.0
-5.0 2.0
-5.0 -2.0
-5.0 -2.0
5.0 -1.0
5.0 -1.0
0.1
1.5 0 0 1
-22 68 0
# -------------------------------
5.0 1.0
5.0 1.0
-5.0 2.0
-5.0 2.0
-5.0 -2.0
-5.0 -2.0
5.0 -1.0
5.0 -1.0
0.01
3.1 0 0 1
-100 0 0
# -------------------------------
5.0 1.0
5.0 1.0
-5.0 2.0
-5.0 2.0
-5.0 -2.0
-5.0 -2.0
5.0 -1.0
5.0 -1.0
0.01
3.1 0 0 1
-100 0 0
# -------------------------------
0.707 0.707
0.0 1.0
-0.707 0.707
-1.0 0.0
-0.707 -0.707
0.0 -1.0
0.707 -0.707
1.0 0.0
0.01
1.5707 0 0 1
-100 0 0
# -------------------------------
0.707 0.707
0.0 1.0
-0.707 0.707
-1.0 0.0
-0.707 -0.707
0.0 -1.0
0.707 -0.707
1.0 0.0
1
1.5707 0 0 1
10 0 0
# -------------------------------
0.707 0.707
0.0 1.0
-0.707 0.707
-1.0 0.0
-0.707 -0.707
0.0 -1.0
0.707 -0.707
1.0 0.0
0.001
1.5707 0 0 1
50 0 0