BSPLINE
7
8
# -----------------------
5 5
7 0
5 -5
0 -7
-5 -5
-7 0
-5 5
0 7
0.0
0 0 1 0
0 -30 0
# -----------------------
5 5
7 0
5 -5
0 -7
-5 -5
-7 0
-5 5
0 7
1
0 0 1 0
0 -5 0
# -----------------------
10 10
5 0
10 -10
0 -5
-10 -10
-5 0
-10 10
0 5
1
0 0 1 0
0 0 0
# -----------------------
10 10
5 0
10 -10
0 -5
-10 -10
-5 0
-10 10
0 5
0.8
1 0 1 0
0 10 0
# -----------------------
10 10
5 0
10 -10
0 -5
-10 -10
-5 0
-10 10
0 5
0.5
2 0 1 0
0 20 0
# -----------------------
10 10
5 0
10 -10
0 -5
-10 -10
-5 0
-10 10
0 5
0.1
3 0 1 0
0 30 0
# -----------------------
10 10
5 0
10 -10
0 -5
-10 -10
-5 0
-10 10
0 5
0.0
4 0 1 0
0 40 0